796,5
796,4
796,3
796,2
796,1
796,0
795,7
795,6
795,5
795,4
795,3
795,2
795,1
795,0
794,3
794,2
794,1
794,0
793,3
793,2
793,1
793,0
792,3
792,2
792,1
792,0
4,2
4,3
4,1
4,0
3,6
3,5
3,4
3,3
3,2
3,1
3,0
2,63
2,11
2,10
2,9
2,8
2,7
2,6
2,4
2,3
2,2
2,1
2,0
1,3
1,2
1,1
1,0
0,532
0,531
0,530
0,529
0,528
0,527
0,526
0,525
0,523
0,522
0,521
0,520
0,519
0,518
0,517
0,516
0,515
0,514
0,513
0,465
0,464
0,463
0,462
0,461
0,460
0,459
0,458
0,457
0,456
0,455
0,454
0,453
0,452
0,451
0,450
0,449
0,448
0,445
0,443
0,438
0,435
0,426
0,424
0,414
0,408
0,399
0,392
0,391
0,390
0,380
0,377
0,361
0,358
0,353
0,348
0,322
0,318
0,317
0,306
0,301
0,243
0,9
0,310
0,305
0,308
0,304
0,303
0,302
0,307
0,12
0,437
0,10
0,8
0,0
0,336
0,300
0,355
0,299
0,411
0,298
0,347
0,297
0,400
0,296
0,370
0,295
0,368
0,294
0,333
0,293
0,373
0,292
0,311
0,291
0,332
0,290
0,351
0,289
0,436
0,288
0,345
0,287
0,413
0,286
0,340
0,285
0,379
0,284
0,412
0,283
0,344
0,282
0,319
0,281
0,378
0,280
0,363
0,279
0,343
0,278
796,6
796,7
796,9
796,10
796,12
797,0
797,2
798,0
798,1
798,3
798,4
799,1
799,3
799,4
800,1
800,2
801,0
801,1
801,3
802,1
802,2
803,0
803,1
803,3
803,5
804,0
804,2
804,3
804,5
804,6
804,8
804,10
804,11
804,13
804,14
804,16
804,18
804,19
804,21
804,22
804,24
804,25
804,27
804,29
804,30
804,32
804,33
804,35
804,37
804,38
804,40
804,41
804,43
804,45
804,46
804,48
804,49
804,51
804,52
804,54
804,56
804,57
804,59
804,60
804,62
804,64
804,65
804,67
804,68
804,70
804,71
804,73
804,75
804,76
804,78
804,79
804,81
804,83
804,84
804,86
804,87
804,89
804,90
804,92
804,94
804,95
804,97
804,98
804,100
804,102
804,103
804,105
804,106
804,129
804,131
804,132
804,134
804,135
804,137
804,138
804,140
804,142
804,143
804,145
804,146
804,148
804,150
804,151
804,153
804,154
804,156
804,157
804,159
804,161
804,162
805,0
805,1
805,3
805,5
805,6
805,8
805,9
805,11
805,12
805,14
805,16
805,17
805,19
805,20
805,22
805,24
805,25
805,27
805,28
805,30
805,31
805,33
805,35
805,36
805,38
805,39
805,41
805,43
805,44
805,46
805,47
805,49
805,51
805,52
805,54
805,55
805,57
805,58
805,60
805,62
805,63
805,65
805,66
805,68
805,70
805,71
805,73
805,74
805,76
805,77
805,79
805,81
805,82
805,84
805,85
805,87
805,89
805,90
805,92
805,93
805,95
805,96
805,98
805,100
805,101
805,103
805,104
805,106
805,108
805,109
805,111
805,112
805,114
805,116
805,117
805,119
805,120
805,122
805,123
805,125
805,127
805,128
805,130
805,131
805,133
805,135
805,136
805,138
805,139
805,141
805,142
805,144
805,146
805,147
805,149
805,150
805,152
805,154
805,155
805,157
805,158
805,160
805,161
805,163
805,165
805,166
805,168
805,169
805,193
805,195
805,196
805,198
805,199
805,201
805,202
805,204
805,206
805,207
805,209
805,210
805,212
805,214
805,215
805,217
805,218
805,220
805,222
805,223
805,225
805,226
806,1
806,2
806,4
807,1
807,2
807,4
807,5
807,7
807,9
807,10
807,12
807,13
807,15
807,16
807,18
807,20
807,21
807,23
807,24
807,26
807,28
807,29
807,31
807,32
807,34
807,35
807,37
807,39
807,40
807,42
807,43
807,45
807,47
807,48
807,50
807,51
807,53
807,55
807,56
807,58
807,59
807,61
807,62
807,64
807,66
807,67
807,69
807,70
807,129
807,131
808,0
808,2
808,3
809,1
809,2
809,4
810,0
810,1
810,3
810,4
811,0
811,2
811,3
812,1
812,2
813,0
813,1
813,3
814,1
814,2
815,0
815,1
815,3
816,1
816,2
816,4
816,3
816,0
815,2
814,3
814,0
813,2
812,3
812,0
811,1
810,5
810,2
809,5
809,3
809,0
808,1
807,130
807,128
807,68
807,65
807,63
807,60
807,57
807,54
807,52
807,49
807,46
807,44
807,41
807,38
807,36
807,33
807,30
807,27
807,25
807,22
807,19
807,17
807,14
807,11
807,8
807,6
807,3
807,0
806,3
806,0
805,224
805,221
805,219
805,216
805,213
805,211
805,208
805,205
805,203
805,200
805,197
805,194
805,192
805,167
805,164
805,162
805,159
805,156
805,153
805,151
805,148
805,145
805,143
805,140
805,137
805,134
805,132
805,129
805,126
805,124
805,121
805,118
805,115
805,113
805,110
805,107
805,105
805,102
805,99
805,97
805,94
805,91
805,88
805,86
805,83
805,80
805,78
805,75
805,72
805,69
805,67
805,64
805,61
805,59
805,56
805,53
805,50
805,48
805,45
805,42
805,40
805,37
805,34
805,32
805,29
805,26
805,23
805,21
805,18
805,15
805,13
805,10
805,7
805,4
805,2
804,163
804,160
804,158
804,155
804,152
804,149
804,147
804,144
804,141
804,139
804,136
804,133
804,130
804,128
804,104
804,101
804,99
804,96
804,93
804,91
804,88
804,85
804,82
804,80
804,77
804,74
804,72
804,69
804,66
804,63
804,61
804,58
804,55
804,53
804,50
804,47
804,44
804,42
804,39
804,36
804,34
804,31
804,28
804,26
804,23
804,20
804,17
804,15
804,12
804,9
804,7
804,4
804,1
803,4
803,2
802,3
802,0
801,2
800,3
800,0
799,2
799,0
798,2
797,3
797,1
796,11
796,8
0,440
0,277
0,375
0,276
0,329
0,275
0,402
0,274
0,388
0,273
0,313
0,272
0,341
0,271
0,338
0,270
0,337
0,269
0,423
0,268
0,323
0,267
0,434
0,266
0,512
0,265
0,386
0,264
0,350
0,263
0,433
0,262
0,446
0,261
0,421
0,260
0,428
0,259
0,258
0,356
0,257
0,396
0,256
0,420
0,255
0,444
0,254
0,342
0,253
0,376
0,252
0,427
0,251
0,397
0,250
0,384
0,249
0,389
0,248
0,383
0,247
0,425
0,246
0,324
0,245
0,366
0,244
0,328
0,242
0,394
0,241
0,387
0,240
0,439
0,239
0,385
0,238
0,374
0,237
0,415
0,236
0,359
0,235
0,339
0,234
0,325
0,233
0,365
0,232
0,327
0,231
0,410
0,230
0,418
0,229
0,312
0,228
0,407
0,227
0,406
0,226
0,432
0,225
0,533
0,224
0,321
0,223
0,314
0,222
0,354
0,221
0,220
0,409
0,219
0,431
0,218
0,326
0,217
0,216
0,430
0,215
0,422
0,214
0,367
0,213
0,369
0,212
0,419
0,211
0,372
0,210
0,316
0,209
0,352
0,208
0,416
0,207
0,401
0,206
0,346
0,205
0,349
0,204
0,429
0,203
0,334
0,202
0,331
0,201
0,335
0,200
0,405
0,199
0,398
0,198
0,197
0,371
0,196
0,403
0,195
0,362
0,194
0,447
0,193
0,330
0,192
0,417
0,63
0,364
0,62
0,309
0,61
0,524
0,60
0,59
0,382
0,58
0,442
0,57
0,441
0,56
0,55
0,381
0,54
0,315
0,53
0,52
0,320
0,51
0,395
0,50
0,49
0,357
0,48
0,393
0,47
0,360
0,46
0,45
0,404
0,6
0,5
0,1
0,11
0,4
0,2
0,3
0,7
